0 0.0117 0.0024 0.0142 0.0031 0.0027 0.0122 0.0119 0.0117 0.0027 0.0146 0.0124 0.0031 0.0024
0.0117 0 0.0022 0.0114 0.0028 0.0028 0.0074 0.0167 0.0083 0.0025 0.011 0.0099 0.0024 0.0024
0.0024 0.0022 0 0.0025 0.0046 0.0102 0.0023 0.0023 0.0022 0.0078 0.002 0.0022 0.0072 0.0012
0.0142 0.0114 0.0025 0 0.0032 0.0026 0.0118 0.0094 0.011 0.0026 0.0111 0.0119 0.0033 0.0022
0.0031 0.0028 0.0046 0.0032 0 0.0052 0.003 0.003 0.0029 0.0048 0.0024 0.0028 0.0049 0.0014
0.0027 0.0028 0.0102 0.0026 0.0052 0 0.0022 0.0033 0.0022 0.01 0.0027 0.0023 0.0087 0.0015
0.0122 0.0074 0.0023 0.0118 0.003 0.0022 0 0.0064 0.0101 0.0024 0.0108 0.0101 0.0031 0.0017
0.0119 0.0167 0.0023 0.0094 0.003 0.0033 0.0064 0 0.0075 0.0031 0.0116 0.0086 0.0029 0.002
0.0117 0.0083 0.0022 0.011 0.0029 0.0022 0.0101 0.0075 0 0.0023 0.01 0.0098 0.0029 0.0021
0.0027 0.0025 0.0078 0.0026 0.0048 0.01 0.0024 0.0031 0.0023 0 0.0027 0.0024 0.0071 0.0014
0.0146 0.011 0.002 0.0111 0.0024 0.0027 0.0108 0.0116 0.01 0.0027 0 0.0102 0.0021 0.0041
0.0124 0.0099 0.0022 0.0119 0.0028 0.0023 0.0101 0.0086 0.0098 0.0024 0.0102 0 0.0028 0.0021
0.0031 0.0024 0.0072 0.0033 0.0049 0.0087 0.0031 0.0029 0.0029 0.0071 0.0021 0.0028 0 0.001
0.0024 0.0024 0.0012 0.0022 0.0014 0.0015 0.0017 0.002 0.0021 0.0014 0.0041 0.0021 0.001 0
