0.0000000	0.7948522	0.7950538	0.7716234	0.8134030	0.7610900	0.8353528
0.7948522	0.0000000	0.8155177	0.8269428	0.8265967	0.8241175	0.8068403
0.7950538	0.8155177	0.0000000	0.7747878	0.8065048	0.7886224	0.8359589
0.7716234	0.8269428	0.7747878	0.0000000	0.8344892	0.7630567	0.8050386
0.8134030	0.8265967	0.8065048	0.8344892	0.0000000	0.7876633	0.8350880
0.7610900	0.8241175	0.7886224	0.7630567	0.7876633	0.0000000	0.7986891
0.8353528	0.8068403	0.8359589	0.8050386	0.8350880	0.7986891	0.0000000